     591
     618
     622
     625
     633
     661
     622
     595
     603
     626
     636
     631
     576
     587
     604
     577
     591
     634
     574
     589
     624
     625
     621
     614
     595
     620
     624
     643
     596
     630
     597
     604
     636
     634
     604
     578
     630
     561
     637
     653
     601
     607
     574
     622
     595
     599
     632
     605
     632
     618
     629
     607
     640
     613
     617
     625
     577
     647
     646
     617
     637
     608
     637
     647
     640
     642
     609
     588
     616
     626
     663
     627
     609
     610
     574
     584
     580
     624
     593
     621
     585
     575
     608
     589
     651
     591
     574
     567
     592
     606
     633
     662
     608
     587
     622
     606
     623
     568
     627
     559
     605
     599
     607
     582
     637
     598
     598
     690
     636
     604
     673
     617
     601
     611
     605
     636
     611
     599
     597
     605
     643
     559
     651
     601
     609
     586
     568
     644
     616
     591
     624
     618
     600
     595
     625
     622
     602
     602
     636
